9318 29100
12708 29296
13271 38280
12462 32480
12309 36744
11460 36492
11184 35888
10850 36532
10746 33328
10876 30648
11177 34404
10430 31356
10643 35460
10300 34592
10550 33144
10682 34708
10997 30376
11101 34428
11471 33664
11303 34544
12176 32196
11480 35060
11832 35496
11723 34572
12357 32156
11998 41260
12549 33916
12647 32864
13177 36448
12646 36124
12498 35340
12718 34536
12367 48448
12037 34584
12721 49232
12112 35008
12271 36388
12838 35956
11822 35492
12493 34772
12899 39284
12647 44664
12361 32236
12507 30176
12793 33236
13043 35540
12428 33352
12706 36604
12406 32524
12756 36192
12330 33668
12232 35252
12129 32140
12178 35840
12898 36220
12708 34428
12595 38296
12755 34420
12613 46680
12407 32376
12425 32788
12596 34636
12188 35368
12360 35048
12860 34356
12426 35144
12039 37032
11825 34520
12170 32152
12401 34700
12299 34164
12564 33796
12622 45640
12473 34684
12340 34752
12385 36056
12015 31520
12228 35464
12310 33624
11926 32176
